1.0 2.7183
1.001 2.721
1.002 2.7237
1.003 2.7264
1.004 2.7292
1.005 2.7319
1.006 2.7346
1.007 2.7374
1.008 2.7401
1.009 2.7429
1.01 2.7456
1.011 2.7483
1.012 2.7511
1.013 2.7539
1.014 2.7566
1.015 2.7594
1.016 2.7621
1.017 2.7649
1.018 2.7677
1.019 2.7704
1.02 2.7732
1.021 2.776
1.022 2.7787
1.023 2.7815
1.024 2.7843
1.025 2.7871
1.026 2.7899
1.027 2.7927
1.028 2.7955
1.029 2.7983
1.03 2.8011
1.031 2.8039
1.032 2.8067
1.033 2.8095
1.034 2.8123
1.035 2.8151
1.036 2.8179
1.037 2.8207
1.038 2.8236
1.039 2.8264
1.04 2.8292
1.041 2.832
1.042 2.8349
1.043 2.8377
1.044 2.8406
1.045 2.8434
1.046 2.8462
1.047 2.8491
1.048 2.8519
1.049 2.8548
1.05 2.8577
1.051 2.8605
1.052 2.8634
1.053 2.8662
1.054 2.8691
1.055 2.872
1.056 2.8748
1.057 2.8777
1.058 2.8806
1.059 2.8835
1.06 2.8864
1.061 2.8893
1.062 2.8921
1.063 2.895
1.064 2.8979
1.065 2.9008
1.066 2.9037
1.067 2.9066
1.068 2.9096
1.069 2.9125
1.07 2.9154
1.071 2.9183
1.072 2.9212
1.073 2.9241
1.074 2.9271
1.075 2.93
1.076 2.9329
1.077 2.9359
1.078 2.9388
1.079 2.9417
1.08 2.9447
1.081 2.9476
1.082 2.9506
1.083 2.9535
1.084 2.9565
1.085 2.9594
1.086 2.9624
1.087 2.9654
1.088 2.9683
1.089 2.9713
1.09 2.9743
1.091 2.9772
1.092 2.9802
1.093 2.9832
1.094 2.9862
1.095 2.9892
1.096 2.9922
1.097 2.9952
1.098 2.9982
1.099 3.0012
1.1 3.0042
1.101 3.0072
1.102 3.0102
1.103 3.0132
1.104 3.0162
1.105 3.0192
1.106 3.0222
1.107 3.0253
1.108 3.0283
1.109 3.0313
1.11 3.0344
1.111 3.0374
1.112 3.0404
1.113 3.0435
1.114 3.0465
1.115 3.0496
1.116 3.0526
1.117 3.0557
1.118 3.0587
1.119 3.0618
1.12 3.0649
1.121 3.0679
1.122 3.071
1.123 3.0741
1.124 3.0771
1.125 3.0802
1.126 3.0833
1.127 3.0864
1.128 3.0895
1.129 3.0926
1.13 3.0957
1.131 3.0988
1.132 3.1019
1.133 3.105
1.134 3.1081
1.135 3.1112
1.136 3.1143
1.137 3.1174
1.138 3.1205
1.139 3.1236
1.14 3.1268
1.141 3.1299
1.142 3.133
1.143 3.1362
1.144 3.1393
1.145 3.1424
1.146 3.1456
1.147 3.1487
1.148 3.1519
1.149 3.155
1.15 3.1582
1.151 3.1614
1.152 3.1645
1.153 3.1677
1.154 3.1709
1.155 3.174
1.156 3.1772
1.157 3.1804
1.158 3.1836
1.159 3.1867
1.16 3.1899
1.161 3.1931
1.162 3.1963
1.163 3.1995
1.164 3.2027
1.165 3.2059
1.166 3.2091
1.167 3.2123
1.168 3.2156
1.169 3.2188
1.17 3.222
1.171 3.2252
1.172 3.2284
1.173 3.2317
1.174 3.2349
1.175 3.2381
1.176 3.2414
1.177 3.2446
1.178 3.2479
1.179 3.2511
1.18 3.2544
1.181 3.2576
1.182 3.2609
1.183 3.2642
1.184 3.2674
1.185 3.2707
1.186 3.274
1.187 3.2772
1.188 3.2805
1.189 3.2838
1.19 3.2871
1.191 3.2904
1.192 3.2937
1.193 3.297
1.194 3.3003
1.195 3.3036
1.196 3.3069
1.197 3.3102
1.198 3.3135
1.199 3.3168
1.2 3.3201
1.201 3.3234
1.202 3.3268
1.203 3.3301
1.204 3.3334
1.205 3.3368
1.206 3.3401
1.207 3.3434
1.208 3.3468
1.209 3.3501
1.21 3.3535
1.211 3.3568
1.212 3.3602
1.213 3.3636
1.214 3.3669
1.215 3.3703
1.216 3.3737
1.217 3.377
1.218 3.3804
1.219 3.3838
1.22 3.3872
1.221 3.3906
1.222 3.394
1.223 3.3974
1.224 3.4008
1.225 3.4042
1.226 3.4076
1.227 3.411
1.228 3.4144
1.229 3.4178
1.23 3.4212
1.231 3.4247
1.232 3.4281
1.233 3.4315
1.234 3.4349
1.235 3.4384
1.236 3.4418
1.237 3.4453
1.238 3.4487
1.239 3.4522
1.24 3.4556
1.241 3.4591
1.242 3.4625
1.243 3.466
1.244 3.4695
1.245 3.4729
1.246 3.4764
1.247 3.4799
1.248 3.4834
1.249 3.4869
1.25 3.4903
1.251 3.4938
1.252 3.4973
1.253 3.5008
1.254 3.5043
1.255 3.5078
1.256 3.5113
1.257 3.5149
1.258 3.5184
1.259 3.5219
1.26 3.5254
1.261 3.5289
1.262 3.5325
1.263 3.536
1.264 3.5396
1.265 3.5431
1.266 3.5466
1.267 3.5502
1.268 3.5537
1.269 3.5573
1.27 3.5609
1.271 3.5644
1.272 3.568
1.273 3.5716
1.274 3.5751
1.275 3.5787
1.276 3.5823
1.277 3.5859
1.278 3.5895
1.279 3.593
1.28 3.5966
1.281 3.6002
1.282 3.6038
1.283 3.6074
1.284 3.6111
1.285 3.6147
1.286 3.6183
1.287 3.6219
1.288 3.6255
1.289 3.6292
1.29 3.6328
1.291 3.6364
1.292 3.6401
1.293 3.6437
1.294 3.6473
1.295 3.651
1.296 3.6546
1.297 3.6583
1.298 3.662
1.299 3.6656
1.3 3.6693
1.301 3.673
1.302 3.6766
1.303 3.6803
1.304 3.684
1.305 3.6877
1.306 3.6914
1.307 3.6951
1.308 3.6988
1.309 3.7025
1.31 3.7062
1.311 3.7099
1.312 3.7136
1.313 3.7173
1.314 3.721
1.315 3.7248
1.316 3.7285
1.317 3.7322
1.318 3.7359
1.319 3.7397
1.32 3.7434
1.321 3.7472
1.322 3.7509
1.323 3.7547
1.324 3.7584
1.325 3.7622
1.326 3.7659
1.327 3.7697
1.328 3.7735
1.329 3.7773
1.33 3.781
1.331 3.7848
1.332 3.7886
1.333 3.7924
1.334 3.7962
1.335 3.8
1.336 3.8038
1.337 3.8076
1.338 3.8114
1.339 3.8152
1.34 3.819
1.341 3.8229
1.342 3.8267
1.343 3.8305
1.344 3.8344
1.345 3.8382
1.346 3.842
1.347 3.8459
1.348 3.8497
1.349 3.8536
1.35 3.8574
1.351 3.8613
1.352 3.8651
1.353 3.869
1.354 3.8729
1.355 3.8768
1.356 3.8806
1.357 3.8845
1.358 3.8884
1.359 3.8923
1.36 3.8962
1.361 3.9001
1.362 3.904
1.363 3.9079
1.364 3.9118
1.365 3.9157
1.366 3.9196
1.367 3.9236
1.368 3.9275
1.369 3.9314
1.37 3.9354
1.371 3.9393
1.372 3.9432
1.373 3.9472
1.374 3.9511
1.375 3.9551
1.376 3.959
1.377 3.963
1.378 3.967
1.379 3.9709
1.38 3.9749
1.381 3.9789
1.382 3.9829
1.383 3.9868
1.384 3.9908
1.385 3.9948
1.386 3.9988
1.387 4.0028
1.388 4.0068
1.389 4.0108
1.39 4.0149
1.391 4.0189
1.392 4.0229
1.393 4.0269
1.394 4.0309
1.395 4.035
1.396 4.039
1.397 4.0431
1.398 4.0471
1.399 4.0511
1.4 4.0552
1.401 4.0593
1.402 4.0633
1.403 4.0674
1.404 4.0715
1.405 4.0755
1.406 4.0796
1.407 4.0837
1.408 4.0878
1.409 4.0919
1.41 4.096
1.411 4.1001
1.412 4.1042
1.413 4.1083
1.414 4.1124
1.415 4.1165
1.416 4.1206
1.417 4.1247
1.418 4.1289
1.419 4.133
1.42 4.1371
1.421 4.1413
1.422 4.1454
1.423 4.1496
1.424 4.1537
1.425 4.1579
1.426 4.162
1.427 4.1662
1.428 4.1704
1.429 4.1745
1.43 4.1787
1.431 4.1829
1.432 4.1871
1.433 4.1913
1.434 4.1954
1.435 4.1996
1.436 4.2038
1.437 4.2081
1.438 4.2123
1.439 4.2165
1.44 4.2207
1.441 4.2249
1.442 4.2291
1.443 4.2334
1.444 4.2376
1.445 4.2419
1.446 4.2461
1.447 4.2503
1.448 4.2546
1.449 4.2589
1.45 4.2631
1.451 4.2674
1.452 4.2716
1.453 4.2759
1.454 4.2802
1.455 4.2845
1.456 4.2888
1.457 4.2931
1.458 4.2974
1.459 4.3017
1.46 4.306
1.461 4.3103
1.462 4.3146
1.463 4.3189
1.464 4.3232
1.465 4.3275
1.466 4.3319
1.467 4.3362
1.468 4.3405
1.469 4.3449
1.47 4.3492
1.471 4.3536
1.472 4.3579
1.473 4.3623
1.474 4.3667
1.475 4.371
1.476 4.3754
1.477 4.3798
1.478 4.3842
1.479 4.3886
1.48 4.3929
1.481 4.3973
1.482 4.4017
1.483 4.4061
1.484 4.4106
1.485 4.415
1.486 4.4194
1.487 4.4238
1.488 4.4282
1.489 4.4327
1.49 4.4371
1.491 4.4415
1.492 4.446
1.493 4.4504
1.494 4.4549
1.495 4.4593
1.496 4.4638
1.497 4.4683
1.498 4.4727
1.499 4.4772
1.5 4.4817
1.501 4.4862
1.502 4.4907
1.503 4.4952
1.504 4.4997
1.505 4.5042
1.506 4.5087
1.507 4.5132
1.508 4.5177
1.509 4.5222
1.51 4.5267
1.511 4.5313
1.512 4.5358
1.513 4.5403
1.514 4.5449
1.515 4.5494
1.516 4.554
1.517 4.5585
1.518 4.5631
1.519 4.5677
1.52 4.5722
1.521 4.5768
1.522 4.5814
1.523 4.586
1.524 4.5906
1.525 4.5951
1.526 4.5997
1.527 4.6043
1.528 4.6089
1.529 4.6136
1.53 4.6182
1.531 4.6228
1.532 4.6274
1.533 4.6321
1.534 4.6367
1.535 4.6413
1.536 4.646
1.537 4.6506
1.538 4.6553
1.539 4.6599
1.54 4.6646
1.541 4.6693
1.542 4.6739
1.543 4.6786
1.544 4.6833
1.545 4.688
1.546 4.6927
1.547 4.6974
1.548 4.7021
1.549 4.7068
1.55 4.7115
1.551 4.7162
1.552 4.7209
1.553 4.7256
1.554 4.7304
1.555 4.7351
1.556 4.7398
1.557 4.7446
1.558 4.7493
1.559 4.7541
1.56 4.7588
1.561 4.7636
1.562 4.7683
1.563 4.7731
1.564 4.7779
1.565 4.7827
1.566 4.7875
1.567 4.7922
1.568 4.797
1.569 4.8018
1.57 4.8066
1.571 4.8115
1.572 4.8163
1.573 4.8211
1.574 4.8259
1.575 4.8307
1.576 4.8356
1.577 4.8404
1.578 4.8453
1.579 4.8501
1.58 4.855
1.581 4.8598
1.582 4.8647
1.583 4.8695
1.584 4.8744
1.585 4.8793
1.586 4.8842
1.587 4.8891
1.588 4.894
1.589 4.8988
1.59 4.9037
1.591 4.9087
1.592 4.9136
1.593 4.9185
1.594 4.9234
1.595 4.9283
1.596 4.9333
1.597 4.9382
1.598 4.9431
1.599 4.9481
1.6 4.953
1.601 4.958
1.602 4.9629
1.603 4.9679
1.604 4.9729
1.605 4.9779
1.606 4.9828
1.607 4.9878
1.608 4.9928
1.609 4.9978
1.61 5.0028
1.611 5.0078
1.612 5.0128
1.613 5.0178
1.614 5.0229
1.615 5.0279
1.616 5.0329
1.617 5.038
1.618 5.043
1.619 5.048
1.62 5.0531
1.621 5.0581
1.622 5.0632
1.623 5.0683
1.624 5.0733
1.625 5.0784
1.626 5.0835
1.627 5.0886
1.628 5.0937
1.629 5.0988
1.63 5.1039
1.631 5.109
1.632 5.1141
1.633 5.1192
1.634 5.1243
1.635 5.1295
1.636 5.1346
1.637 5.1397
1.638 5.1449
1.639 5.15
1.64 5.1552
1.641 5.1603
1.642 5.1655
1.643 5.1707
1.644 5.1758
1.645 5.181
1.646 5.1862
1.647 5.1914
1.648 5.1966
1.649 5.2018
1.65 5.207
1.651 5.2122
1.652 5.2174
1.653 5.2226
1.654 5.2278
1.655 5.2331
1.656 5.2383
1.657 5.2436
1.658 5.2488
1.659 5.2541
1.66 5.2593
1.661 5.2646
1.662 5.2698
1.663 5.2751
1.664 5.2804
1.665 5.2857
1.666 5.291
1.667 5.2963
1.668 5.3016
1.669 5.3069
1.67 5.3122
1.671 5.3175
1.672 5.3228
1.673 5.3281
1.674 5.3335
1.675 5.3388
1.676 5.3441
1.677 5.3495
1.678 5.3548
1.679 5.3602
1.68 5.3656
1.681 5.3709
1.682 5.3763
1.683 5.3817
1.684 5.3871
1.685 5.3925
1.686 5.3978
1.687 5.4032
1.688 5.4087
1.689 5.4141
1.69 5.4195
1.691 5.4249
1.692 5.4303
1.693 5.4358
1.694 5.4412
1.695 5.4466
1.696 5.4521
1.697 5.4576
1.698 5.463
1.699 5.4685
1.7 5.4739
1.701 5.4794
1.702 5.4849
1.703 5.4904
1.704 5.4959
1.705 5.5014
1.706 5.5069
1.707 5.5124
1.708 5.5179
1.709 5.5234
1.71 5.529
1.711 5.5345
1.712 5.54
1.713 5.5456
1.714 5.5511
1.715 5.5567
1.716 5.5622
1.717 5.5678
1.718 5.5734
1.719 5.5789
1.72 5.5845
1.721 5.5901
1.722 5.5957
1.723 5.6013
1.724 5.6069
1.725 5.6125
1.726 5.6181
1.727 5.6238
1.728 5.6294
1.729 5.635
1.73 5.6407
1.731 5.6463
1.732 5.6519
1.733 5.6576
1.734 5.6633
1.735 5.6689
1.736 5.6746
1.737 5.6803
1.738 5.686
1.739 5.6916
1.74 5.6973
1.741 5.703
1.742 5.7087
1.743 5.7145
1.744 5.7202
1.745 5.7259
1.746 5.7316
1.747 5.7374
1.748 5.7431
1.749 5.7489
1.75 5.7546
1.751 5.7604
1.752 5.7661
1.753 5.7719
1.754 5.7777
1.755 5.7834
1.756 5.7892
1.757 5.795
1.758 5.8008
1.759 5.8066
1.76 5.8124
1.761 5.8183
1.762 5.8241
1.763 5.8299
1.764 5.8357
1.765 5.8416
1.766 5.8474
1.767 5.8533
1.768 5.8591
1.769 5.865
1.77 5.8709
1.771 5.8767
1.772 5.8826
1.773 5.8885
1.774 5.8944
1.775 5.9003
1.776 5.9062
1.777 5.9121
1.778 5.918
1.779 5.9239
1.78 5.9299
1.781 5.9358
1.782 5.9417
1.783 5.9477
1.784 5.9536
1.785 5.9596
1.786 5.9655
1.787 5.9715
1.788 5.9775
1.789 5.9835
1.79 5.9895
1.791 5.9954
1.792 6.0014
1.793 6.0074
1.794 6.0135
1.795 6.0195
1.796 6.0255
1.797 6.0315
1.798 6.0376
1.799 6.0436
1.8 6.0496
1.801 6.0557
1.802 6.0618
1.803 6.0678
1.804 6.0739
1.805 6.08
1.806 6.0861
1.807 6.0921
1.808 6.0982
1.809 6.1043
1.81 6.1104
1.811 6.1166
1.812 6.1227
1.813 6.1288
1.814 6.1349
1.815 6.1411
1.816 6.1472
1.817 6.1534
1.818 6.1595
1.819 6.1657
1.82 6.1719
1.821 6.178
1.822 6.1842
1.823 6.1904
1.824 6.1966
1.825 6.2028
1.826 6.209
1.827 6.2152
1.828 6.2214
1.829 6.2277
1.83 6.2339
1.831 6.2401
1.832 6.2464
1.833 6.2526
1.834 6.2589
1.835 6.2651
1.836 6.2714
1.837 6.2777
1.838 6.284
1.839 6.2902
1.84 6.2965
1.841 6.3028
1.842 6.3091
1.843 6.3155
1.844 6.3218
1.845 6.3281
1.846 6.3344
1.847 6.3408
1.848 6.3471
1.849 6.3535
1.85 6.3598
1.851 6.3662
1.852 6.3726
1.853 6.3789
1.854 6.3853
1.855 6.3917
1.856 6.3981
1.857 6.4045
1.858 6.4109
1.859 6.4173
1.86 6.4237
1.861 6.4302
1.862 6.4366
1.863 6.443
1.864 6.4495
1.865 6.4559
1.866 6.4624
1.867 6.4689
1.868 6.4753
1.869 6.4818
1.87 6.4883
1.871 6.4948
1.872 6.5013
1.873 6.5078
1.874 6.5143
1.875 6.5208
1.876 6.5273
1.877 6.5339
1.878 6.5404
1.879 6.547
1.88 6.5535
1.881 6.5601
1.882 6.5666
1.883 6.5732
1.884 6.5798
1.885 6.5864
1.886 6.5929
1.887 6.5995
1.888 6.6061
1.889 6.6128
1.89 6.6194
1.891 6.626
1.892 6.6326
1.893 6.6393
1.894 6.6459
1.895 6.6525
1.896 6.6592
1.897 6.6659
1.898 6.6725
1.899 6.6792
1.9 6.6859
1.901 6.6926
1.902 6.6993
1.903 6.706
1.904 6.7127
1.905 6.7194
1.906 6.7261
1.907 6.7329
1.908 6.7396
1.909 6.7463
1.91 6.7531
1.911 6.7598
1.912 6.7666
1.913 6.7734
1.914 6.7802
1.915 6.7869
1.916 6.7937
1.917 6.8005
1.918 6.8073
1.919 6.8141
1.92 6.821
1.921 6.8278
1.922 6.8346
1.923 6.8415
1.924 6.8483
1.925 6.8551
1.926 6.862
1.927 6.8689
1.928 6.8757
1.929 6.8826
1.93 6.8895
1.931 6.8964
1.932 6.9033
1.933 6.9102
1.934 6.9171
1.935 6.924
1.936 6.931
1.937 6.9379
1.938 6.9448
1.939 6.9518
1.94 6.9588
1.941 6.9657
1.942 6.9727
1.943 6.9797
1.944 6.9866
1.945 6.9936
1.946 7.0006
1.947 7.0076
1.948 7.0146
1.949 7.0217
1.95 7.0287
1.951 7.0357
1.952 7.0428
1.953 7.0498
1.954 7.0569
1.955 7.0639
1.956 7.071
1.957 7.0781
1.958 7.0851
1.959 7.0922
1.96 7.0993
1.961 7.1064
1.962 7.1135
1.963 7.1207
1.964 7.1278
1.965 7.1349
1.966 7.1421
1.967 7.1492
1.968 7.1563
1.969 7.1635
1.97 7.1707
1.971 7.1779
1.972 7.185
1.973 7.1922
1.974 7.1994
1.975 7.2066
1.976 7.2138
1.977 7.221
1.978 7.2283
1.979 7.2355
1.98 7.2427
1.981 7.25
1.982 7.2572
1.983 7.2645
1.984 7.2718
1.985 7.279
1.986 7.2863
1.987 7.2936
1.988 7.3009
1.989 7.3082
1.99 7.3155
1.991 7.3229
1.992 7.3302
1.993 7.3375
1.994 7.3449
1.995 7.3522
1.996 7.3596
1.997 7.3669
1.998 7.3743
1.999 7.3817
2.0 7.3891
